-34.74698448350189  1.6942906938202347
-34.35346644864719  1.6789063251798972
-33.959957257755605  1.6630461513238792
-33.56642743095008  1.6482961896377821
-33.172924136033906  1.6321188123046437
-32.779406101179205  1.6167344436643059
-32.385938182115495  1.5986538454684451
-32.2078296089075  3.476657031759552
-31.992340551592747  1.5875517237692325
-31.814019723269944  3.4769742352366726
-31.598937488258564  1.565981887325048
-31.56342897634486  3.476339828282432
-31.205472517182564  1.547742687390627
-30.812013442081977  1.5291862839790862
-30.41855141899368  1.5107884823061046
-30.02508644791768  1.4925492823716842
-29.63162737281709  1.4739928789601429
-29.238162401741086  1.455753679025722
-28.844700378652792  1.4373558773527408
-28.451232459589086  1.4192752791568806
-28.05781760430408  1.3983398496669364
-27.664275985547732  1.38422429493508
-27.27079922252091  1.3666195019549
-26.877310667543263  1.3496491159289605
-26.483807372627094  1.3334717385958221
-26.09030407771092  1.3172943612626837
-25.69680667877016  1.300799780452425
-25.303303383853983  1.284622403119286
-24.909803036925517  1.2682864240475875
-24.51629974200934  1.2521090467144491
-24.122837718921048  1.233711245041468
-23.729266620287646  1.2211817076952136
-23.335769221346883  1.2046871268849548
-22.942242342529067  1.1897785634602975
-22.548715463711247  1.1748700000356407
-22.15518858489343  1.1599614366109838
-21.761664654063317  1.1448942714477668
-21.368131879270088  1.1303029115002299
-20.97461089642768  1.1150771445984522
-20.58112528943774  1.097948156833953
-20.18749817903793  1.088432052520342
-19.7939654042447  1.0738406925728055
-19.400391357623597  1.0614697569651113
-19.00681731100249  1.049098821357417
-18.61324621236909  1.0365692840111627
-18.21967511373569  1.0240397466649083
-17.826104015102285  1.0115102093186543
-17.432571240309056  0.9969188493711174
-17.038885170155137  0.9905747798287101
-16.645296383595504  0.9789968529138169
-16.251669273195695  0.9694807486002057
-15.85803921480818  0.9601232460251552
-15.464418000383784  0.9502899382344241
-15.070799733947094  0.9402980287051323
-14.677178519522698  0.9304647209144012
-14.28348360540566  0.9245964565876745
-13.889809327202563  0.9176179800910265
-13.496129153024054  0.9109567070714992
-13.102451926833254  0.9041368323134114
-12.708771752654744  0.8974755592938837
-12.315088630488532  0.8909728880129162
-11.9213436005805  0.8878008532417128
-11.527613310610995  0.8838358097777079
-11.133859436739847  0.8811395802221851
-10.740135042745756  0.8768573332810603
-10.346395908813136  0.873368095032736
-9.952615503052641  0.8720992811242545
-9.55882035735361  0.8716234759085739
-9.165016367691472  0.8716234759085739
-8.77120353406621  0.8720992811242545
-8.377387752453252  0.8727336880784957
-7.983527751024695  0.8757471211111385
-7.589694281485507  0.8773331384967404
-7.195849019995478  0.8795535628365831
-6.802018498443992  0.8809809784836244
-6.408123121162973  0.8858976323789904
-6.014236587845076  0.8903384810586754
-5.620385430379642  0.8928761088756385
-5.226475313160101  0.898585771463805
-4.832553403989728  0.9049298410062119
-4.438678662622657  0.9087362827316565
-4.044736117538356  0.9161905644439852
-3.6507965204417516  0.9234862444177536
-3.2568805072468052  0.9295131104830405
-2.8629114302731438  0.9383948078424105
-2.4689629892134306  0.9461662930318595
-2.074952640411894  0.9572684147310717
-1.680921655696423  0.9694807486002057
-1.286967318661297  0.9775694372667751
-0.8930218255892868  0.985182320717664
-0.4990645405664509  0.9934296111227932
-0.1051780072485542  0.9978704598024781
0.28872031802016807  1.0029457154364043
0.6826274872519988  1.0084967762860106
1.0766201481273043  1.0186472875538621
1.4706717687567163  1.0319698335929175
1.8647911931033576  1.0489402196188569
2.2588074378803  1.06035954479519
2.6530005619195762  1.081294974285134
3.047007962733403  1.0922384942457866
3.4411981387849835  1.1130153219971697
3.8351966956356875  1.123483036742142
4.229395715650384  1.1447356697092061
4.6234738681691425  1.1594856313953033
5.017625720380543  1.1782006365454047
5.411833584358348  1.1999290747281495
5.805902892913991  1.2142032311985655
6.2001225488426215  1.2365660763355515
6.594292088980254  1.2562326919170137
6.988514692896594  1.2787541387925594
7.382645909194046  1.2963589317727395
7.776909784938269  1.321100802988128
8.171151550774681  1.3446531611643149
8.565349096795522  1.365826493262099
8.959601180588912  1.3899339575232466
9.353885692247069  1.4157860409085563
9.748149567991277  1.4405279121239443
10.142498935378953  1.4698692337575783
10.536640960964668  1.4880555664458117
10.931050270769028  1.5206217900968362
11.325384898218168  1.5491701030376683
11.71971362969191  1.577401212501381
12.114130800796808  1.6103903741218986
12.508326872823794  1.6314844053504025
12.902808899658218  1.6679628052192448
13.29720248686148  1.6996831529312808
13.69160491802785  1.7318793058589974
14.086004401206523  1.7639168570481543
14.480501167979476  1.8011882656097966
14.874725982886588  1.8238286637892624
15.269276550435173  1.8639945540796283
15.66372614940483  1.8987283348243085
16.058163956423677  1.9328277086147474
16.45260471143022  1.9670856841437465
16.847060206375303  2.0021366683655466
17.241583505037603  2.0408354925742307
17.63588570462199  2.067639186390901
18.030432587185935  2.1076068245080672
18.42490282206954  2.143450817422668
18.81937305695314  2.179294810337269
19.213840343849043  2.2149802015133098
19.60830468275723  2.2505069909507904
20.00281239919881  2.288367491684228
20.397215672647384  2.3206089593943906
20.791662323629346  2.35518413840051
21.186114870586714  2.39007652088375
21.58054678163014  2.4238586911970685
21.974987536636696  2.4581166667260677
22.369422395667833  2.4920574387779464
22.76386315067439  2.526315414306946
23.15829211373009  2.5599389828817043
23.552809843971183  2.598338226028664
23.947102872038265  2.6246484922142583
24.341605534786616  2.6622371042530215
24.736049237780882  2.696653681520581
25.130489992787425  2.73091165704958
25.52493074779398  2.765169632578579
25.919371502800523  2.799427608107578
26.313815205794775  2.8338441853751375
26.70825596080133  2.8681021609041366
27.102699663795583  2.902518738171696
27.49721411849476  2.9407417571647
27.891501578140627  2.966752442288569
28.285974761011936  3.00275503694173
28.680386036141435  3.035426995085128
29.074797311270906  3.0680989532285254
29.46919974243729  3.100295106156242
29.863616913542195  3.1332842677767596
30.258022292696275  3.1656390224430364
30.65243061983805  3.198152378847874
31.046835998992144  3.2305071335141506
31.44125022210934  3.2633376933961085
31.835652653275723  3.295533846323825
32.230111096208496  3.3307434322841853
32.624366127989596  3.355009498283893
33.018774455131386  3.38752285468873
33.41312971849447  3.417181379799484
33.807487929845244  3.4469985066487983
34.20184614119605  3.4768156334981124
34.59620140455913  3.5064741586088664
34.93677431721856  3.531731485474575
